90
1827
1008
699
1672
1103
1042
1400
222
1242
1281
1895
1816
23
892
820
982
637
1642
300
462
1122
1181
618
628
1065
581
525
1745
304
337
927
1563
1268
1334
596
809
338
129
849
1868
282
440
1
634
806
20
1115
916
1714
342
1466
1951
1730
1936
1540
1457
772
1240
1339
1476
1885
1802
1517
1280
966
81
55
322
1526
419
1837
1964
90
552
224
3
1308
1199
1751
1501
988
763
187
1434
1654
1806
678
43
668
327
391
1123
1779
190
1966
426
1283
11
66
1805
364
848
1288
1885
1733
1690
1598
732
199
832
1687
261
1227
957
1972
806
539
707
914
505
1933
340
52
1243
1262
1898
658
1110
817
1808
1615
601
1386
1027
1205
80
1392
194
1392
488
1568
315
409
780
1815
1466
714
1699
1314
1138
29
127
1606
1965
333
225
1287
773
1023
856
1128
365
584
1732
1796
1032
453
719
1145
1938
181
1487
1391
190
821
494
1659
635
728
1796
186
1512
1085
1868
1858
466
852
1458
1807
880
1246
1922
840
1790
649
400
677
1006
1740
1551
1088
1587
1647
682
1059
1578
1818
799
1018
1105
343
1282
1831
192
1402
1328
1567
1556
1665
18
1355
625
1354
1479
1219
1763
1943
1973
963
1545
729
424
719
624
619
1022
1598
345
577
269
1899
1911
1518
1383
1288
348
196
1972
1019
382
1083
428
1218
147
851
198
264
1079
237
61
1418
316
530
869
1320
871
570
1642
587
743
1947
1728
698
1093
1704
1830
1269
971
157
275
1862
1553
1689
932
1438
1225
1355
75
1197
624
1420
37
583
1388
130
1649
190
883
1533
1105
227
1667
991
493
2000
18
633
1589
1782
228
863
513
564
913
1622
1736
596
1088
536
448
347
148
660
305
1228
547
465
747
442
422
1104
1038
1921
691
1641
398
1360
786
1367
1403
818
439
173
1793
480
363
1616
1452
401
160
1961
964
1116
664
744
1869
1460
894
438
1302
1207
356
592
1842
734
1471
12
1803
135
1155
1214
1050
1885
71
490
569
67
965
1240
1090
1701
1860
1595
1707
1818
1596
977
619
1780
1540
1040
1291
953
1693
1584
210
459
451
930
623
273
403
1016
1075
794
1866
1550
1664
1410
1444
724
283
128
63
551
1290
711
1519
104
1672
102
1736
1993
1090
1980
68
179
731
1557
723
623
961
1491
1967
506
657
1262
1124
438
956
865
268
1533
123
500
1331
616
462
1322
155
787
1670
535
25
786
796
1794
108
1668
682
410
1754
1544
1374
325
1590
813
1879
129
1324
672
847
1933
220
525
798
1512
1934
334
28
1156
1501
1217
1602
1415
414
1479
1474
1000
1573
1117
1660
1697
1015
1424
677
1018
1953
167
1637
846
447
71
1309
1037
1081
1017
1135
329
1009
1521
264
1655
88
695
1335
294
646
842
1925
1756
629
1995
1223
1846
1669
1711
1564
617
1732
292
924
687
879
150
1973
115
376
1928
1871
170
1686
119
808
27
980
1265
1357
681
1603
1187
998
281
819
333
1074
915
6
842
603
1495
1847
1774
1889
1702
235
1600
470
915
541
1810
1021
562
933
1186
1751
1702
1601
1912
384
1080
312
608
1564
524
514
473
562
857
981
636
1237
44
1743
92
552
564
1898
1038
1644
560
1084
1787
1571
928
226
878
1231
1039
1299
1701
636
1983
1312
933
405
181
143
1118
1163
1160
1906
1699
1290
668
869
101
337
1608
1914
1712
340
1720
1303
341
649
615
939
618
531
1961
677
535
1871
617
904
1356
606
287
83
389
1086
267
1220
188
1419
379
270
781
534
1700
290
1977
592
1198
445
180
1176
1800
664
424
1139
540
1829
1334
1167
881
33
1639
1120
103
877
1486
915
624
1570
196
1077
350
848
1453
552
775
1174
1491
744
1561
1439
1796
1760
244
1901
1481
1744
1376
922
1235
1878
684
1170
1400
161
724
1556
523
1100
858
386
1481
449
378
825
486
702
205
752
1962
1446
1534
1485
778
1292
1918
1287
1043
255
179
208
1322
889
113
586
1275
1402
1334
69
1508
74
1683
950
869
591
1707
1013
853
1728
1235
1190
1829
1033
1479
450
1148
1842
543
1219
1741
1054
325
187
870
719
1924
494
442
380
1622
56
1771
1263
1418
242
67
498
53
1611
1500
34
137
540
1226
1511
1994
1557
17
1822
1247
202
210
98
455
739
1794
1691
126
701
1950
748
1232
609
1347
1683
93
1452
345
1746
556
990
963
142
867
1113
1506
328
999
641
731
1237
1574
1581
437
489
1945
301
1419
1237
1342
1006
836
1863
1000
590
938
1107
24
1941
1431
174
609
410
1342
53
586
1391
204
1451
1606
1169
985
163
982
1098
840
1935
647
11
1493
439
1953
810
464
860
204
896
273
1249
1395
574
760
918
728
70
638
1956
1064
1700
1696
4
71
1957
1877
1939
1551
1264
1699
840
393
1729
1000
1058
788
1458
477
14
1713
682
386
1946
1596
1479
531
999
873
432
1108
1969
723
1050
1584
684
1679
1070
750
793
1285
315
774
141
897
1190
289
266
1510
1447
139
402
1050
890
1475
1272
1994
1091
949
839
470
459
1953
869
610
638
1395
724
1601
923
1261
1956
521
1317
454
1672
329
1622
244
1697
1839
1354
1725
1927
1808
109
1699
1016
912
1348
1445
1003
169
1519
894
1633
273
1803
773
1883
165
1437
194
1252
1313
920
1663
132
23
1207
1370
1702
824
1941
1287
695
480
1489
1995
721
1108
458
1579
620
490
1769
706
505
1948
1877
1054
400
1306
1201
543
1220
392
1014
657